Walmart Inc.
WMT
2022
141569000
152859000
152813000
164048000
143754000
13673000
May 2, 2022
6203580
154.96
Amazon.com, Inc.
AMZN
2021
108520000
113080000
110810000
137410000
66315000
33364000
August 23, 2021
59303800
160.60
Apple Inc.
AAPL
2022
97278000
82959000
90146000
117154000
170782000
99803000
June 17, 2022
89543630
130.07
Alphabet Inc.
GOOGL
2022
68011000
69685000
69092000
76048000
156633000
59972000
May 2, 2022
48761200
113.40
Costco Wholesale Corporation
COST
2022
52596000
72091000
54437000
55266000
27572000
5844000
July 28, 2022
2330870
520.28
Microsoft Corporation
MSFT
2022
49360000
51865000
50122000
52747000
135620000
72738000
May 2, 2022
35561140
277.71
Ford Motor Company
F
2021
36230000
26750000
35680000
37680000
21690000
17937000
February 16, 2021
78650260
11.50
Verizon Communications, Inc.
VZ
2021
32870000
33760000
32910000
34070000
77312000
22065000
June 21, 2021
16229460
56.07
General Motors Company
GM
2021
32470000
34170000
26780000
33580000
17878000
10019000
January 29, 2021
36445270
100.23
Dell Technologies Inc.
DELL
2022
26116000
26425000
24721000
25039000
21891000
5563000
May 2, 2022
3900560
46.76
Target Corporation
TGT
2022
25170000
26037000
26518000
31395000
31042000
6946000
May 2, 2022
3361360
230.15
Johnson & Johnson
JNJ
2021
22320000
23310000
23340000
24800000
63920000
20878000
October 5, 2021
6255460
159.86
Intel Corporation
INTC
2022
18353000
15321000
15338000
14042000
26886000
8014000
January 14, 2022
38307310
71.31
The Walt Disney Company
DIS
2021
15610000
17020000
18530000
21820000
3659000
1995000
December 20, 2021
11908940
146.98
International Business Machines Corporation
IBM
2022
14198000
15536000
14107000
16691000
32687000
1629000
October 21, 2022
6028170
128.39
Oracle Corporation
ORCL
2022
10513000
11840000
11445000
12275000
33563000
6717000
May 2, 2022
7350320
73.93
NIKE, Inc.
NKE
2021
10360000
12340000
12250000
11360000
19962000
5727000
November 11, 2021
8456900
100.31
The Coca-Cola Company
KO
2021
9020000
10130000
10040000
9464000
23298000
9771000
April 23, 2021
12969480
54.40
NVIDIA Corporation
NVDA
2022
8288000
6704000
5931000
6051000
17475000
9752000
February 25, 2022
65138910
237.21
Visa Inc.
V
2022
7189000
7275000
7787000
7936000
23577000
14957000
May 2, 2022
8577680
211.77
Netflix, Inc.
NFLX
2021
7163000
7342000
7483000
7709000
12365161
5116228
September 29, 2021
13582710
241.61
Starbucks Corporation
STAR
2021
6668000
7497000
8417000
8050000
8391000
4199300
May 14, 2021
6130930
50.32
Paypal Holdings, Inc.
PYPL
2021
6033000
6238000
6182000
6918000
13996000
4169000
July 12, 2021
5211330
302.37
Advanced Micro Devices Inc.
AMD
2022
5887000
6550000
5565000
5599000
10603000
1320000
April 7, 2022
100811830
103.92
Mastercard Inc.
MA
2021
4155000
4528000
4985000
5216000
14395000
8687000
March 10, 2021
4848120
376.60
Tesla, Inc.
TSLA
2021
10390000
11960000
13760000
17720000
13606000
5519000
August 6, 2021
70496640
237.30